134
140
161
164
165
166
167
168
179
187
831
832
834
835
836
838
839
840
841
842
843
844
845
846
847
848
849
850
851
852
853
854
855
856
858
859
860
861
862
863
864
865
866
867
868
869
870
871
872
873
874
875
965
966
967
968
969
970
1208
1209
1210
1477
1478
1503
1504
1508
1509
1513
1514
1516
1517
1518
1519
1520
1523
1524
1525
1526
1537
1538
1539
1540
1546
1547
1549
1550
1560
1561
1570
1571
1747
1748
1749
1750
1751
1752
1753
1754
1755
1756
1757
1758
1759
1760
1761
1762
1763
1764
1765
1766
1767
1768
1769
1770
1771
1772
1773
1774
1775
1776
1777
1778
1779
1780
1781
1782
1783
1784
1785
1786
1787
1788
1789
1790
1791
1792
1793
1794
1795
1796
1797
1798
1799
1800
1801
1802
1803
1804
1805
1806
1807
1808
1809
1810
1811
1812
1813
1814
1815
1816
1817
1818
1819
1820
1821
1822
1823
1825
1826
1828
1829
1830
1831
1832
1838
1839
1840
1841
1842
1846
1847
1848
1850
1853
1856
1858
1860
1861
1862
1864
1866
1867
1868
1870
1871
1872
1873
1875
1988
1989
1991
1992
1993
1994
1995
1996
1997
1998
1999
2000
2001
2002
2003
2004
2005
2006
2007
2008
2009
2010
2011
2012
2013
2014
2015
2016
2017
2018
2019
2020
2021
2022
2023
2024
2025
2026
2027
2028
2029
2030
2031
2032
2033
2034
2035
2036
2037
2038
2039
2040
2041
2042
2043
2044
2045
2046
2047
2048
2049
2050
2051
2052
2053
2054
2055
2349
2351
2352
2354
2355
2356
2651
2654
2657
3508
5814
5815
5816